verts 100
elts 32
0 0.0243221 0
0 0.0243221 0.00708381
0 0.0374332 0
0 0.0374332 0.00708381
0.00613194 0.0243221 0
0.00613194 0.0243221 0.00708381
0.00613194 0.0374332 0
0.00613194 0.0374332 0.00708381
0 0.0243221 0.0191039
0 0.0374332 0.0191039
0.00613194 0.0243221 0.0191039
0.00613194 0.0374332 0.0191039
0 0.0243221 0.0311239
0 0.0374332 0.0311239
0.00613194 0.0243221 0.0311239
0.00613194 0.0374332 0.0311239
0 0.0243221 0.0382078
0 0.0374332 0.0382078
0.00613194 0.0243221 0.0382078
0.00613194 0.0374332 0.0382078
0.0179834 0.0243221 0
0.0179834 0.0243221 0.00708381
0.0179834 0.0374332 0
0.0179834 0.0374332 0.00708381
0.0179834 0.0243221 0.0191039
0.0179834 0.0374332 0.0191039
0.0179834 0.0243221 0.0311239
0.0179834 0.0374332 0.0311239
0.0179834 0.0243221 0.0382078
0.0179834 0.0374332 0.0382078
0.0298349 0.0243221 0
0.0298349 0.0243221 0.00708381
0.0298349 0.0374332 0
0.0298349 0.0374332 0.00708381
0.0298349 0.0243221 0.0191039
0.0298349 0.0374332 0.0191039
0.0298349 0.0243221 0.0311239
0.0298349 0.0374332 0.0311239
0.0298349 0.0243221 0.0382078
0.0298349 0.0374332 0.0382078
0.0359668 0.0243221 0
0.0359668 0.0243221 0.00708381
0.0359668 0.0374332 0
0.0359668 0.0374332 0.00708381
0.0359668 0.0243221 0.0191039
0.0359668 0.0374332 0.0191039
0.0359668 0.0243221 0.0311239
0.0359668 0.0374332 0.0311239
0.0359668 0.0243221 0.0382078
0.0359668 0.0374332 0.0382078
0 0 0
0 0 0.00708381
0 0.0121611 0
0 0.0121611 0.00708381
0.00613194 0 0
0.00613194 0 0.00708381
0.00613194 0.0121611 0
0.00613194 0.0121611 0.00708381
0 0 0.0311239
0 0 0.0382078
0 0.0121611 0.0311239
0 0.0121611 0.0382078
0.00613194 0 0.0311239
0.00613194 0 0.0382078
0.00613194 0.0121611 0.0311239
0.00613194 0.0121611 0.0382078
0.0298349 0 0
0.0298349 0 0.00708381
0.0298349 0.0121611 0
0.0298349 0.0121611 0.00708381
0.0359668 0 0
0.0359668 0 0.00708381
0.0359668 0.0121611 0
0.0359668 0.0121611 0.00708381
0.0298349 0 0.0311239
0.0298349 0 0.0382078
0.0298349 0.0121611 0.0311239
0.0298349 0.0121611 0.0382078
0.0359668 0 0.0311239
0.0359668 0 0.0382078
0.0359668 0.0121611 0.0311239
0.0359668 0.0121611 0.0382078
0.00613194 0.0492847 0.00708381
0.00613194 0.0492847 0.0191039
0.0179834 0.0492847 0.00708381
0.0179834 0.0492847 0.0191039
0.00613194 0.0492847 0.0311239
0.0179834 0.0492847 0.0311239
0.00613194 0.0611362 0.00708381
0.00613194 0.0611362 0.0191039
0.0179834 0.0611362 0.00708381
0.0179834 0.0611362 0.0191039
0.00613194 0.0611362 0.0311239
0.0179834 0.0611362 0.0311239
0.0298349 0.0492847 0.00708381
0.0298349 0.0492847 0.0191039
0.0298349 0.0492847 0.0311239
0.0298349 0.0611362 0.00708381
0.0298349 0.0611362 0.0191039
0.0298349 0.0611362 0.0311239
8 0 1 2 3 4 5 6 7
8 1 8 3 9 5 10 7 11
8 8 12 9 13 10 14 11 15
8 12 16 13 17 14 18 15 19
8 4 5 6 7 20 21 22 23
8 5 10 7 11 21 24 23 25
8 10 14 11 15 24 26 25 27
8 14 18 15 19 26 28 27 29
8 20 21 22 23 30 31 32 33
8 21 24 23 25 31 34 33 35
8 24 26 25 27 34 36 35 37
8 26 28 27 29 36 38 37 39
8 30 31 32 33 40 41 42 43
8 31 34 33 35 41 44 43 45
8 34 36 35 37 44 46 45 47
8 36 38 37 39 46 48 47 49
8 50 51 52 53 54 55 56 57
8 52 53 0 1 56 57 4 5
8 58 59 60 61 62 63 64 65
8 60 61 12 16 64 65 14 18
8 66 67 68 69 70 71 72 73
8 68 69 30 31 72 73 40 41
8 74 75 76 77 78 79 80 81
8 76 77 36 38 80 81 46 48
8 7 11 82 83 23 25 84 85
8 11 15 83 86 25 27 85 87
8 82 83 88 89 84 85 90 91
8 83 86 89 92 85 87 91 93
8 23 25 84 85 33 35 94 95
8 25 27 85 87 35 37 95 96
8 84 85 90 91 94 95 97 98
8 85 87 91 93 95 96 98 99
